1000
1001
1002
1003
1004
1005
1010
1011
1014
1015
1016
1017
1018
1019
1020
1021
1022
1023
1026
1027
1028
1029
1030
1031
1034
1035
1036
1037
1040
1041
1044
1045
1046
1047
1050
1051
1052
1053
1056
1057
1058
1059
1060
1061
1062
1063
1064
1065
1066
1067
1072
1073
1074
1075
1076
1077
1080
1081
1082
1083
1088
1089
1090
1091
1092
1093
1094
1095
1096
1097
1102
1103
1104
1105
1106
1107
1110
1111
1114
1115
1116
1117
1118
1119
1120
1121
1124
1125
1126
1127
1128
1129
1130
1131
1132
1133
1134
1135
1140
1141
1142
1143
1144
1145
1146
1147
1148
1149
1150
1151
1156
1157
1160
1161
1164
1165
1168
1169
1172
1173
1174
1175
1176
1177
1178
1179
1180
1181
1184
1185
1186
1187
1188
1189
1190
1191
1192
1193
1194
1195
1200
1201
1204
1205
1206
1207
1210
1211
1214
1215
1216
1217
1218
1219
1222
1223
1224
1225
1226
1227
1228
1229
1230
1231
1234
1235
1238
1239
1242
1243
1246
1247
1248
1249
1250
1251
1252
1253
1256
1257
1258
1259
1260
1261
1262
1263
1264
1265
1268
1269
1270
1271
1274
1275
1278
1279
1280
1281
1282
1283
1284
1285
1286
1287
1288
1289
1294
1295
1296
1297
1302
1303
1306
1307
1308
1309
1310
1311
1312
1313
1314
1315
1316
1317
